Signal A (S2) (k-means clustering)
78
21
468
469
121
81
79
197
198
331
295
118
437
117
112
122
265
287
308
109
216
203
431
123
105
182
114
243
316
100
83
104
310
339
97
102
399
101
400
430
462
258
286
168
106
377
314
180
378
119
330
107
372
285
398
98
370
461
96
383
133
368
452
358
354
304
259
382
401
402
385
360
267
366
283
324
116
364
336
333
386
392
288
108
115
407
179
70
439
151
371
391
381
384
289
373
84
374
293
448
327
275
459
217
394
404
408
103
99
397
71
403
380
454
361
69
326
210
311
362
446
332
396
189
318
457
369
340
313
273
353
169
178
248
124
379
458
161
284
342
92
424
214
88
256
190
72
337
393
191
209
90
355
149
212
195
395
159
359
389
419
93
356
390
388
348
262
367
276
245
192
85
349
319
268
375
291
387
263
441
274
95
250
302
300
254
363
87
194
170
344
312
177
215
415
335
357
176
412
292
253
252
346
309
207
247
365
325
298
451
137
208
120
135
278
264
345
174
213
257
444
281
157
338
306
411
436
456
110
376
111
279
260
143
315
244
421
282
329
141
447
341
272
183
460
323
305
307
261
299
113
303
445
343
246
269
296
175
290
89
455
94
131
147
187
277
423
186
352
440
351
241
406
249
294
405
450
193
139
350
188
271
270
443
453
184
242
438
211
449
280
173
317
442
320
347
181
167
255
297
91
321
251
145
322
172
185
301

Signal B (S3) (k-means clustering)
466
470
472
473
266
86
427
432
425
429
433
334

Signal C (S1) (k-means clustering)
467
471
428
426

