14010002
14020003
14010003
14020001
14010001
14080102
14010004
14050001
14020004
14080103
14020002
14080104
14020006
14080101
14050004
14050005
14050006
14050003
15040001
14030003
14020005
14080107
14040109
14080106
14050002
15040003
14010005
14080202
14080105
14030002
15020006
14030004
15040002
15040004
15020003
14040105
14080203
15020001
14050007
15020004
14030001
15040006
14040104
14030005
14060006
14080201
14060010
14040102
15020007
15060102
15060101
15020009
15020002
15020005
14040106
14040103
14080204
15050202
15040005
15020011
14060008
15060104
14060005
14040101
14070004
15040007
15020014
14040107
14080205
15050203
15020012
14040108
15050302
15020010
15020013
14070001
15060103
14060003
15020017
15050301
14060004
15020008
14060007
15060105
14060009
15020018
15050304
14070002
15020015
14070005
14070003
15050305
15060203
15020016
14070006
15010001
15060106
15050100
14070007
15050303
15050306
15060202
15070102
15070101
15010004
15010003
15070103
15060201
15070202
15030203
15030202
15010009
15070104
15070203
15010002
15030201
15010008
15030204
15010006
15010007
15030106
15030105
15030103
15010010
15070201
15010014
15010013
15030101
15010005
15010012
15030104
15030102
15010011
15010015
